125
236
292
327
346
401
422
462
491
514
532
555
623
639
678
781
816
891
937
967
1005
1020
1146
1222
1335
1360
1367
1426
1631
1720
1769
1775
1776
1891
1979
2028
2073
2150
2151
2186
2226
2246
2301
2343
2365
2370
2387
2586
2625
2636
2722
2730
2835
2936
3074
3083
3232
3267
3322
3339
3351
3421
3475
3539
3564
3628
3634
3748
3779
3791
3827
3875
3883
3983
3985
3996
4026
4063
4143
4326
4377
4384
4397
4484
4636
4717
4732
4797
4890
4932
4989
4999
5025
5031
5211
5254
5293
5338
5388
5487
5567
5634
5644
5853
6115
6127
6134
6159
6181
6208
6251
6329
6374
6420
6482
6585
6632
6737
6778
6914
7124
7149
7322
7366
7429
7453
7563
7585
7596
7602
7692
7737
7773
7812
7893
7912
7976
7997
8016
8175
8204
8207
8431
8496
8507
8526
8530
8563
8653
8780
8835
8884
8885
9007
9254
9435
9458
9511
9541
9542
9577
9598
9687
9699
9833
9896
10008
10021
10152
10218
10244
10246
10267
10291
10302
10333
10391
10423
10440
10479
10489
10558
10561
10693
10731
10733
10734
10925
10992
11048
11109
11140
11146
11160
11182
11318
11353
11433
11498
11509
11511
11547
11665
11680
11707
11756
11779
11783
11867
11887
11923
11987
12068
12124
12148
12150
12153
12183
12235
12237
12420
12424
12471
12485
12678
12705
12738
12751
12908
12956
13015
13040
13120
13231
13288
13322
13326
13361
13425
13568
13593
13601
13869
13877
13901
13939
14047
14104
14177
14277
14359
14425
14468
14558
14584
14602
14665
14724
14734
14797
14855
14886
14946
14991
15065
15115
15116
15265
15268
15294
15302
15305
15315
15348
15353
15384
15395
15780
15842
15862
15921
15976
15997
16295
16296
16421
16457
16559
16570
16572
16599
16689
16737
16772
16786
17033
17054
17059
17129
17177
17182
17184
17266
17326
17385
17467
17495
17504
17531
17601
17627
17671
17697
17768
17818
18045
18075
18088
18155
18207
18224
18289
18349
18391
18444
18458
18484
18534
18578
18613
18637
18687
18751
18806
18839
18900
18960
18982
19021
19197
19224
19276
19284
19301
19387
19468
19493
19495
19526
19605
19615
19807
19860
19889
19986
20072
20107
20197
20315
20400
20411
20417
20422
20470
20522
20558
20572
20634
20783
20820
20887
20939
20949
21029
21042
21055
21067
21326
21334
21403
21416
21449
21482
21685
21811
21838
21926
21968
21981
22080
22105
22135
22152
22185
22348
22375
22386
22467
22470
22522
22558
22585
22631
22680
22688
22728
22988
23018
23026
23035
23047
23066
23128
23288
23302
23440
23457
23518
23823
23917
23995
24019
24020
24038
24060
24185
24254
24265
24329
24337
24383
24450
24568
24574
24602
24731
24741
24757
24863
24903
24961
25078
25111
25130
25284
25314
25347
25348
25359
25696
25716
25813
25883
25918
25956
25963
25969
25980
26047
26218
26238
26250
26255
26280
26287
26351
26413
26514
26543
26557
26605
26634
26726
26866
26949
27037
27100
27110
27121
27145
27200
27269
27343
27422
27445
27523
27540
27547
27639
27656
27776
27790
27799
27900
28059
28231
28260
28270
28285
28288
28292
28324
28471
28548
28576
28675
28886
28891
28995
29095
29135
29148
29182
29301
29321
29329
29364
29424
29554
29557
29588
29595
29691
29764
29833
29864
29904
29974
29985
30026
30071
30228
30292
30395
30419
30469
30517
30546
30741
30783
30811
30825
30858
30896
30981
30986
31072
31094
31107
31112
31137
31158
31174
31360
31362
31374
31503
31520
31548
31569
31634
31638
31683
31826
31865
32009
32017
32094
32105
32120
32217
32259
32280
32362
32419
32454
32480
32588
32676
32694
32741
32826
32849
32857
32928
32955
33076
33182
33205
33220
33223
33239
33308
33358
33412
33454
33471
33581
33584
33709
33718
33778
33788
33807
33817
33857
33887
33974
34178
34196
34339
34377
34505
34506
34548
34657
34729
34747
34749
34775
34830
34834
34842
34850
34984
35018
35068
35082
35179
35234
35251
35417
35438
35535
35564
35654
35731
35784
35814
35868
35871
35944
35998
36022
36100
36134
36353
36389
36401
36490
36494
36495
36625
36632
36666
36702
36705
36706
36799
36806
36873
36894
36907
36924
36938
36996
37003
37034
37037
37078
37084
37374
37389
37462
37492
37514
37526
37532
37542
37550
37588
37590
37684
37764
37803
37837
37871
37925
37981
37994
38077
38193
38250
38308
38313
38363
38425
38453
38458
38462
38473
38506
38587
38600
38693
38701
38720
38730
38750
38802
38836
39013
39105
39138
39183
39232
39244
39285
39295
39352
39361
39376
39470
39601
39609
39655
39693
39757
39765
39805
39874
39887
39932
40031
40351
40439
40548
40623
40748
40827
40839
40961
41011
41066
41103
41171
41282
41299
41412
41420
41459
41472
41479
41488
41586
41622
41637
41642
41650
41825
41935
41951
41971
42035
42038
42139
42171
42215
42256
42271
42310
42312
42328
42415
42425
42496
42510
42580
42597
42847
42922
42982
42984
43009
43032
43151
43187
43243
43329
43332
43476
43481
43528
43590
43607
43691
43767
43823
43837
43922
43931
43967
44014
44066
44171
44207
44239
44353
44432
44478
44479
44522
44596
44622
44661
44703
44785
44794
44927
44933
44963
44979
45009
45097
45098
45202
45220
45223
45395
45440
45533
45651
45988
46087
46224
46252
46323
46327
46400
46507
46544
46679
46860
46888
46944
46969
47036
47123
47142
47145
47248
47432
47446
47503
47652
47672
47673
47677
47724
47760
47820
47826
47844
47958
47992
48002
48017
48071
48127
48175
48206
48225
48291
48292
48316
48319
48330
48409
48554
48702
48755
48797
48804
48844
48876
48942
48947
48974
49000
49109
49195
49277
49359
49376
49385
49391
49785
49802
49822
49868
49869
49913
49929
49943
50029
50098
50342
50348
50359
50397
50403
50408
50452
50464
50475
50502
50587
50678
50683
50685
50751
50757
50871
50892
50938
51120
51192
51353
51436
51452
51469
51523
51546
51548
51623
51631
51666
51684
51737
51755
51768
51803
51804
51822
51854
51871
51917
52021
52034
52094
52156
52179
52282
52334
52364
52378
52438
52535
52703
52725
52768
52792
52881
52884
52912
52916
52942
52949
52950
53003
53031
53068
53105
53141
53179
53195
53226
53286
53336
53364
53373
53422
53438
53440
53451
53482
53527
53575
53586
53903
53943
54003
54009
54141
54176
54217
54250
54273
54281
54321
54491
54632
54668
54727
54807
54895
54902
54919
54988
55047
55191
55221
55265
55452
55455
55463
55482
55538
55558
55685
55706
55810
55811
55896
55952
55993
56012
56026
56033
56119
56246
56288
56502
56554
56572
56580
56588
56646
56649
56695
56736
56746
56864
56892
56932
56973
57009
57055
57113
57129
57133
57156
57182
57245
57257
57291
57314
57381
57413
57436
57508
57515
57673
57789
57815
57834
57840
57875
57883
57914
57946
57962
57977
57982
58002
58058
58087
58093
58098
58408
58480
58541
58649
58712
58744
58790
58865
58870
59016
59034
59061
59139
59158
59160
59201
59296
59301
59428
59446
59539
59596
59601
59637
59843
59971
59974
59995
60209
60230
60255
60327
60342
60364
60408
60433
60465
60529
60555
60586
60594
60598
60674
60703
60735
60814
60838
60964
60980
61114
61135
61206
61259
61265
61343
61526
61590
61602
61712
61865
61993
62065
62088
62261
62288
62420
62481
62620
62641
62644
62703
62713
62715
62790
62825
62843
62878
62938
63084
63132
63184
63200
63274
63281
63286
63310
63356
63481
63497
63499
63542
63545
63556
63562
63596
63656
63732
63804
63924
64135
64160
64241
64328
64354
64484
64496
64578
64674
64683
64692
64695
64758
64768
65083
65114
65140
65164
65191
65371
65513
65622
65662
65688
65706
65715
65877
65998
66050
66085
66155
66243
66346
66401
66440
66468
66575
66613
66680
66729
66765
66769
66786
66800
66846
66852
66907
66921
66975
67112
67235
67272
67282
67288
67464
67560
67600
67729
67819
67820
67822
67859
67873
67913
67950
67954
67977
67997
68023
68030
68180
68228
68289
68402
68405
68599
68854
68931
68971
69004
69012
69066
69123
69157
69183
69450
69484
69499
69504
69560
69743
69818
69859
69883
70034
70072
70129
70131
70210
70257
70265
70348
70387
70411
70456
70487
70516
70558
70625
70635
70676
70680
70729
70744
70749
70803
70841
70867
70890
70960
70976
70991
70993
71036
71073
71094
71101
71122
71195
71325
71359
71389
71401
71428
71434
71576
71606
71652
71777
71912
71935
72115
72175
72259
72291
72428
72434
72448
72606
72607
72731
72768
72843
72923
73088
73105
73128
73237
73370
73411
73434
73718
73777
73950
74039
74086
74136
74170
74201
74233
74247
74275
74286
74318
74367
74422
74628
74769
74777
74902
75136
75250
75303
75343
75349
75362
75364
75406
75416
75434
75447
75480
75521
75587
75670
75700
75730
75769
75774
75876
75880
75891
75917
75924
75946
75975
76024
76030
76062
76128
76141
76154
76192
76209
76259
76276
76293
76309
76419
76459
76610
76623
76680
76719
76883
76901
76917
76944
76966
77051
77135
77243
77295
77391
77433
77469
77507
77620
77657
77753
77818
77908
77994
78090
78153
78206
78263
78305
78450
78550
78563
78600
78698
78730
78736
78793
78879
78903
78948
78968
79067
79126
79140
79211
79214
79273
79434
79443
79462
79472
79496
79542
79554
79634
79637
79643
79646
79677
79683
79715
79735
79939
80002
80069
80088
80116
80137
80215
80237
80334
80374
80406
80515
80585
80618
80694
80699
80741
80762
80782
80843
80847
80911
81134
81169
81335
81409
81439
81443
81486
81512
81539
81637
81648
81708
81767
81803
81941
81981
81989
82002
82161
